3
2 0 0 
4
10 13 9 1 
5
16 5 9 4 8 
6
60 53 18 6 1 12 
7
66 76 120 99 75 72 45 
8
90 145 16 229 47 11 182 3 
9
380 153 320 324 269 18 145 326 162 
10
494 40 979 274 41 642 950 615 216 481 
11
30 181 1521 1968 1261 27 1212 859 1545 42 444 
12
3340 388 1497 3504 461 2901 1418 2409 3723 1025 668 1079 
13
1624 2765 730 4672 7974 1556 7223 327 3235 3278 836 1509 54 
14
7226 13148 16232 2212 2894 15002 14132 15226 6832 6398 166 338 10375 4 
15
11368 14941 9331 29104 3559 25159 18979 20486 21666 18693 17098 1059 24952 18402 9187 
16
62856 44149 37018 46033 48943 22301 54544 63092 18588 6365 61533 61938 12054 17459 14964 26912 
17
83292 106708 49779 41860 85990 12696 116261 71780 82478 122224 6553 103698 58095 72212 44015 28394 46847 
18
123418 113628 27665 171831 82089 77254 25122 129044 232569 209369 258168 246563 224889 133094 3036 75836 7892 96209 
19
224430 409605 196234 330676 110336 75794 486065 76623 97498 386283 4782 223177 257383 466204 78468 199951 265909 121153 165101 
20
276996 652161 10232 759220 1009417 732638 253724 564545 367234 726470 695166 652555 197460 777321 989638 464157 63994 343901 205483 395654 
21
514572 1354896 1032450 1520547 133382 771018 1311383 397420 1094690 756862 450944 1814761 1410667 726632 1513808 868930 696819 614386 1051708 1131010 491883 
22
2675430 3456760 3124706 920567 1701709 1415628 3082025 1247039 409721 1667211 1080223 3655169 568156 590734 1476907 406203 570873 3209027 2789893 3501901 803902 1988999 
23
3064294 5479249 1847659 7059013 624587 1371739 342300 5033763 5923857 1166664 6724503 1683531 862967 8229555 3124747 1205098 2262378 3529540 7384675 6571571 6624295 5486485 3158386 
24
8530574 9207037 9735810 171911 10686435 9902621 4398268 15557141 11946505 8644992 12368414 3282346 9855208 5672914 5057630 8132348 5807499 13208975 4362697 352441 6511704 5081229 8405663 5530182 
25
12291542 32733988 10329529 32604709 653795 27774484 1174690 3852809 23324282 15716726 13521349 4456638 9014854 18159179 6568383 6688495 20721512 27577210 25747332 5326184 11104391 1395645 2117069 5925790 7917905 
26
5490458 26576585 53086537 30875765 41326598 37556234 10072100 65258565 61455381 40841634 61612978 56357381 45490672 22955683 54014117 2318719 66882621 29168743 37870979 42402482 35869559 9710326 60904962 52904918 36238937 21813101 
27
110654242 35005353 57021577 34094289 133645959 45940379 77679642 19947793 464458 131800415 82039338 64099527 128937068 127026106 109478227 66995323 61234001 94451192 98639298 4671427 59356922 71417389 120147469 52558422 36869431 97747467 31998099 
28
152763198 249934064 167476739 267123494 238750532 71146519 72817428 206669148 122033766 178052429 240253875 26486398 6366228 143852963 89731071 239412030 23727729 232307824 254347139 156494076 84866921 97198248 502172 251673435 244454492 95888058 52523530 81829470 
29
259462734 409413733 349748802 356349570 145108970 145722463 486963594 307719182 321932525 161103097 335344202 441857408 131949246 347832489 194911607 532166838 530875445 274513241 224603963 60285082 427994214 327624225 94046599 360322842 278185250 279266090 403126160 275604905 218847652 
30
925366806 971917160 731455913 453986864 192349100 350745502 981024571 119135752 426983558 887351744 205660990 976631448 641017800 685885074 994840990 238382715 918702602 34664854 781302649 607335446 858380621 6035836 62683140 119183280 878890904 205644080 312796184 369110737 553787293 286496527 
31
1619358410 2103780812 383095843 609669491 345621320 933252873 729956657 1965008457 418421935 1280646272 420919978 2025952803 879126340 1485364421 374903009 1211109348 434799967 1144871046 974749047 1782821785 1966069975 499606406 799029123 795436248 73199421 483586828 61091452 864648842 73910757 1419004767 541898782 
32
2947042864 1204894817 1154551866 970837319 1952880356 2184569746 4110706057 1144119384 560329972 1147995581 703437344 2516595686 1980826446 1959250989 3153375899 3759111301 2739195989 1601187208 3112201406 2642585569 2334814391 1795398870 1814027507 1749777558 2797625635 3635349996 3393080886 1465235963 703316923 433787835 3150922889 769351747 
33
5119266100 7087702040 1388496993 5458552308 448778284 7123997329 4391232034 7956657994 1858482904 6244103456 3870427318 4173550790 4104039244 4362884444 3213405588 7227400254 2311505361 2142293323 7655910995 3142600317 3773694791 8461877263 8047051214 8188280175 8490936502 1419697440 7825889202 374582613 154233770 8023440732 906705444 223547827 768497815 
34
9308505140 10544748125 9210024602 10103882497 642928874 16934628124 14639934005 16839681371 10598138592 7220492508 14337985475 15189637038 7415098039 11625416689 13777935943 7367959782 13504377707 14115774778 13584388444 11617464352 403626146 177356474 3918532324 11311976004 4879888512 11480183464 8339815487 600409604 5486110334 15220918583 7260692069 634758201 10447252773 5357589388 
35
14172803346 28589548829 4518103322 28235045490 15732520136 29457848393 14438783165 15957114715 14509527727 19347181040 24511780901 9480533162 13956040916 30747396395 28254348375 15671648739 18106178922 1416668325 22323273406 32587708029 15693106877 10508298614 23773867506 14368455242 1519103693 24441503557 292780020 30914834135 29570019375 28416334651 4596070462 13648922269 28453367479 7669414574 13672614415 
36
5815329870 51143650109 8591263434 21285702242 13982785665 63065394647 25034920364 38694024272 22264577680 68015964338 52037568749 3421271276 65222419753 42574826385 42016089636 342251518 20604548878 43990182282 27609581589 50495321670 31487088140 35341461524 30051192166 18758966767 22393122003 54358851813 35839767927 65798620728 28715459994 14422432780 34687945044 31878917341 10322342054 37139121940 9796789976 18383451881 
37
120314155816 128606310061 109960802217 135618810033 107458128678 13151549825 66215563267 85807609699 135867960057 46923651132 10702459029 44099207635 29931096929 68046264880 48331330838 56760418399 100450869328 46792189071 63472597680 93439863685 119576387479 71116500791 66715905807 4315123148 127549815401 35388130365 133175823745 98075632090 14114918190 12197438152 17394257503 108929341809 64137154547 121741003474 72384038485 84261232116 54456717529 
38
160171474258 194769222368 64044605162 2709492404 138513506945 61323608154 171922409909 168304911659 222255828646 94198054362 33778037049 39976903721 219477224507 196159181386 239461512679 137907148497 146101399028 127834834569 179603902500 230705697445 142006851352 34544586763 100689869549 148167694071 115777931106 45366542979 107245165977 147228072383 253541428473 75293422173 189512104842 116240065755 206748033718 138836840792 207060396038 214669028110 58930535729 21636306013 
39
236360165140 92032291221 232722598969 38228526129 449219348673 197933307778 185099076279 367681811 193902070343 368278121581 160219271279 537953989324 317583935236 285609723151 380100421717 193035659678 106119626547 230454811916 40362500402 492315122966 149130761398 231845778456 145426167510 97685272693 142511645508 504490194826 447263360371 283253505654 227643256878 18728693287 174643727907 337141894202 181843661125 2968365513 213770564453 294615994805 17152011346 6625881949 199447722669 
40
124474149268 1088378748969 606470021459 245254875622 1098938092482 128635752843 444585683741 245351481420 1023143118052 150592573609 987762174633 641684882912 83049402263 142597327711 4290909832 749204241198 39392930850 704036056443 916095785696 828483101209 633258535510 982860541908 607539226195 773603432516 328983300250 477296300499 632063199358 471694568061 352280749069 265403287567 166089364405 288793856409 775177960603 160656529348 138344030545 277760860842 828144961114 373519080134 622069412537 134670286042 
41
534645739030 851319437069 2146189930570 974716493188 1172069002400 1436037895111 1115325357470 10622999584 890266787462 1212256976112 1326353644414 1016816322185 337007798689 514761840232 1662678285765 760246244925 676583985681 1713613075659 1805716657730 1529073408312 177054275143 1563227093803 1288607994094 828700591163 1493018161482 1170391556745 473415554830 1105970750937 1770082864641 1075265276231 2094544148970 2113785851974 775582810824 1860265738468 2142216552977 1385430079238 736290741824 31236864249 1258702235568 1647969172419 393322565977 
42
2144278919578 4374868562409 814005798539 1697968774820 1944672719905 1054948331927 2511540555155 3831239721231 1320109933640 3360269523971 1782503602839 584231351460 525369574460 476159841139 23926604433 2233107041580 716447958278 4162508680573 715116837261 776197054805 2196852709084 796591558145 1301597013478 718070099385 2773885257235 2391229391199 1934812575610 1610988570500 119332185549 4000170432995 1449994236169 3419426753970 1670152281663 502989730747 4197690231020 3049106183551 3770447371059 1975673484542 2276083787606 2570682851817 727372148569 862790419218 
43
1401705680578 2233725971424 6675669866050 6803710554629 8773937283560 7591982627103 4865053729680 5705575864899 7826170819227 2924831135961 2009942823642 2107655807056 8654259539059 3184190639165 2038551819120 1476122909644 7216522350520 7666628071962 3377822161800 1754997550888 2121164433055 1438566773780 4211568635598 554340050670 3674452589811 2716186741904 3450775191974 7223350626738 624101634300 2901609627731 4422545660563 2234529411197 8403551718226 3509387805918 4133355919831 620714342244 6195956539220 8306376376290 7906680029623 5603691310988 4884959652216 2120149686161 2291181751615 
44
14233474279554 15134752998761 16474858980312 15268347064405 8151727974984 10309300199323 11209235577150 14257524342139 3423330991621 11407767310352 3495679732109 2139728111012 11056753790714 16055672559918 13627790469444 15243811490008 529992663411 17453867393239 8272428631778 15067534273832 707124850268 1604753753275 3673516033587 16979588636407 5200905780543 15852805668657 5759418228808 8787835018831 8990447960264 11970323451711 3285818665384 11189943567575 11022275988870 13389065650294 5410938472150 14460564983545 1983592188734 8562648415059 13348598648242 6920912015257 15726795583032 14609287327396 3039220757260 4075411428504 
45
26528367156618 24811148304109 15639946573944 16638016476241 33670612992292 31657698380372 6261394132769 15253295475213 29805930580161 294730306854 5084729008570 32168894550031 16763272129169 24482087158091 32862180227507 121315205126 5275115986230 5920893181063 7201389303756 25561730877689 28697270773134 16228162320196 34900008118215 24923684583745 20247429592337 1429966021955 17105416191558 12995825288298 3896281155779 2814567314388 13199248014347 11374077510703 18549349189349 19656447977505 7087297208284 3602619331847 988136394089 12482542892657 33626742215314 5532841213488 15589646580894 22009456270888 19919883538080 23394120171251 5921316775339 
46
32397922857930 20811387810781 66856742469131 19224980785735 14049775446922 50718421498565 3426951829260 47673273289757 5292115118193 2575505437716 854738565123 40932017594959 12229346582552 7669987463323 6606741767251 17838431024002 2444909885746 33487296154351 55006515509389 64400760446214 1585923880691 67140523597392 38786536274904 50562973604441 62765553339727 54835060496388 56465319943021 14199822182874 68582186987024 51469981847667 64735905121597 47452495472360 51328777284204 53533536324551 7018533005426 51363292195000 26852742516629 63872687171480 67123910504673 7950091995817 22424614614742 4872123108875 12126672068141 59243108329728 39776968471482 2112750844242 
47
7252283614870 49477087498384 127153235856915 40276515419040 103540849529348 83390274127616 66420576449684 99631185510680 27721853920852 118245752477708 113663948192504 121190018503411 48611877462345 39315644797889 40695331240883 946229508648 61450037641101 23030007925960 96964424950702 83915681818101 123292981676877 66932163989569 57849932947624 17899126800967 81924893251415 38042230958127 51122506812773 99082023556505 130518393052723 4540861239118 54479782482600 88464158951109 44058143024 3078544473834 102745336600796 140012915944180 94749867658009 1465292687690 43624946231037 42183896425859 20636072806862 62792637884745 27194783461314 60255351095668 51571868496001 15540684465204 18754879173811 
48
27603503511346 225315198611329 96018080149267 43727562582884 261086820670242 593191945238 102388971927700 204636807260199 217882658580552 252771803046260 160534290848048 209145149018441 42222882120445 119248824639053 78105080730872 4402622312814 91539915853524 2342660705222 172992307432837 135392090606161 113698656200553 19976196825301 27535346644406 129573282252594 245517613878928 71341241930003 5446311971493 17595773174678 225252380000089 43449272929878 1252973546618 238295224724182 61437448671501 217892482142303 112116974248811 45576375571185 11964906057674 15775165345016 139172315649765 126450701483189 91050932537033 242593538532803 11104754048882 182049717309891 43595621919516 30870269629965 27588216744556 126456931519755 
49
257910441307778 508966802266152 39902783775752 267870035531425 220154006796328 479677909515982 491391851730821 557732269796942 474611183856691 11553826094100 416711254966927 278969030332880 549920420539597 12085944278343 304910106266796 116682749316551 142959242653193 102786739826796 281620006511947 216810267991998 57714390928861 503339936479564 129087644500013 191978536136129 19302226882184 547023946995456 33809319225271 49409406735645 348435340781252 486350813873952 99774579816924 282751210722864 339915633632860 263834112287165 37903612713257 470272873709023 223221930261001 423351783507837 20993376690602 500645860852815 541257139455681 169090512203683 503944937713576 374177117953248 211888320824272 296343682680877 4189864027270 14878148575370 3921101730316 
50
1117217940349738 326489207487365 288258857162768 1084850798865155 460433015060772 513943883014997 417736713392957 1082637302869356 247213577838656 1088617602388217 12890076046154 430944805831996 565363200960251 1005509786128737 997388626145069 1085576337194578 644332144097002 382667411971439 143206634365635 762482283441293 557968370607172 701059479715173 590875027991402 955080217903945 681651454535487 593989303321018 1087404582060504 143443709961210 545114691706260 424032959343498 677028878965134 328862790837263 451729300539203 128232573407438 259943004049272 248634525609329 1088252930675061 124086007915994 1030429769310099 664560443792362 1119818377676830 683499012902777 962395785799088 547030893390056 812041168125266 230365237850131 581935359108944 877048353106259 731147360025463 93731230128036 
51
1959299362035954 1351481216435888 2147227897955161 1245613147854358 201577095876938 2095443106996488 935168843731201 1867922485107053 902479825131055 604583241055642 1444938585743520 2229785024868744 1686958885907900 127711935271800 46155231313569 687216564180191 605574626178265 1524119516289794 535042715084940 1114070625686009 1875671511697822 129143425968289 990484699496253 378812243581492 1474007146859957 1725474285270477 1219820834655764 1397446000172538 438740650141904 267506852637472 2099883256808374 1317808603756588 1741286858633883 1525144295645523 1545091839476746 1393389726270325 1657273378397046 1846486006465562 2183655125339585 1459578348453069 1858515277719517 519019323064127 1812960878750801 1340914332985286 782908814820463 1838635396181508 313025286196133 399060730699493 53530295039056 1291208879243668 296112438580261 
52
3131024742843874 65569597852472 1973801030761640 2472430805960710 2567538249495522 1195252891813444 2635068722245278 1165014622712349 352938870900743 4057783686415677 12663966505543 2946387829887591 4089639406937302 3224879504365850 4104903525111715 2810076494319998 2170253530941916 797915164285213 204177810164306 2687439913135346 4120600484724342 2030845662941623 2524559633402672 1213054157134248 126228385257428 2153624258862127 581291365600985 1116022949832462 4304395012513122 1730045554364674 1945068402725513 346488742078723 410431051348906 196992334379630 1632165831579350 4020640667892019 2218434279295426 4428350034983533 2663840035127161 3987050512564759 1597222832981625 507139562780645 1630012022620531 478700603410345 154866418674331 992189464460344 1830956698972527 4284505278633085 2928880262593495 3702921304192293 1077695545218344 2056078141477454 
53
4507666769827182 2644462274821077 8703824549509994 116518596302918 4161841394120938 6066055417798530 896745167911176 7422280605398361 442525027182218 6318720094284089 8175142775507073 5039195061953731 4362810368238803 2785187266822228 1049028367790065 6903044061139850 5379835508094451 4839384619226207 779194288603716 2201215922793809 8171497694819255 5047262304907022 7827538816179826 7451069252636127 7656531471702015 1331492763933730 8129931401030090 5844984580199385 2364308699126563 299430525572131 992208974678170 2231832760165896 2976380588757556 1961381496951574 7115294726629088 1325833106534585 5937938817799637 6179925955945659 5917165979729711 6699510283889321 7523808883071705 8212227262141769 5244770532884480 5596434346997241 6139064184333384 4949853963013876 1759168942649282 4596401480667646 7332055280389235 113520337082427 6928703792781945 372358791140713 1925287545564869 
54
7758442270487100 13443652113201440 5681224218851985 9921463587782388 6778693489790415 7310819593741962 6850155629292476 10542379729022498 16519008537398428 13744172722603466 1835714216858443 8369279618807708 7484949497302004 10994561544508836 1021043293727415 16185134934334702 217530270527534 10162769085077680 9309737162147462 14097761185558040 5837175521124748 1340551317410391 6738267219601143 14271556863822944 9023698685024564 11435386551971812 3883841082865760 1162847378371628 3742894019053795 8664618818343125 2326029876273399 5317092391138330 16404405451274680 8399898058668986 8899935696510154 17117366613987450 10215844133481612 5211720726793653 10951219768960206 12438953697087736 2184231060751954 5525372272319345 10583961193571732 2906464487257958 3139743976216576 6016314505561175 13673111089597876 9085711092627924 17492546657605284 2595560841013075 2942789067126128 15701142720349456 4342049947305872 3195998493034305 
55
17660536796118086 20554005830131752 6745440977950896 26843757370161800 4849818607976707 9259356958552774 31891498065266984 2678057462791030 17521771198245396 14387532402324866 4253000351318637 31039823743936064 28845623128236736 8847110156016446 24493792277412368 31197828516764976 30854350951560452 24504491542120240 16557924602190850 29425252478334808 29885634275903512 33951811565369120 8332765264375371 23059201918849372 8611946004435940 30157097793247836 1683590676958111 35864972561141232 29123375081644508 1318544684697028 32633473185450452 20470570100361376 5466944088956513 493443440546653 19731772707634112 16052531747204412 34307982684732224 12555626730463642 19945711466940704 29235350080217488 28363391503871112 22039215890298056 35943472776872196 29258966799146460 13695049938963054 6618263790679455 13396247983931698 10421228618727446 2364902063966491 24940307783210820 7452120210516027 33277198799204776 31522549857182056 5320538842797933 8581030229459819 
56
17412585736339540 1227853296179225 22974050641557456 71548520983744912 21324739264130288 7152155137520278 58396467156149016 48923709865177200 66667170892510952 26463709051204936 21170119660319160 67540429618848048 51266087212608968 8266082608777494 14375374336958312 7050301408884160 54403751192448912 65706382647722864 69832278622791384 40412109408141280 58183109409815224 9708527611225764 39606599811843952 13721031627220416 41820504798784288 42899926190397832 63602713144438608 49890078670188824 7398480086952829 47402518961503776 18326093002364432 54052459981657032 75814843008013 40583239474048088 54039729715514080 30446876832733392 27323334412505456 27625829245623592 5804556917618795 26176619844552308 66103146548345232 31095071143617460 22333334312208396 63938708226180464 31956518187042436 17957485070916796 19738338669335432 43966266107863416 22788287030594376 56529008160905584 2616120820059991 23973134743649376 46572539645786344 38830320437623704 39692878174481752 13175326859937720 
57
17832264002266380 44422819544337872 102639150503472416 30275536356348352 107972142728798144 114019059468531136 135697012971535280 28095814384954216 95863979411627552 115733303730271264 70786295183096704 77399660921545680 94338063100544960 3742471242864096 74121385937386912 119396402203142336 120287607859854848 12884679990764384 36097230331102672 18864327795126900 14858148652137450 120325534220132176 30174387739411112 131621079732562592 56054516004438608 60865201621701232 11199159739295272 940826641177298 43953454612681032 98132513695080432 4782324479354834 61994087073282640 141464182950107904 61118022087037520 42466248412010152 53013376767218808 69645055270110608 102787891110191632 43236191215879696 32305985904187968 48231572063832688 14444335117155276 115317474680128304 15646966507462296 47611728312396360 109987158615664416 78317983967017280 36040397368274832 60489570495190256 140078968577464832 16441921057877572 59279352221264912 20837086007687812 60421144075038352 16246035146140102 31956425597329384 27376850206911532 
58
56723983765529024 177382277706468864 121809587320697024 123925740932205920 174655895907655552 134328825158621536 263026997695058624 60643405262113840 58011970657492680 195248196434738464 164643613670459520 27912068794570688 21674065530432340 92256475204322432 236960204997272512 24169866910505864 74561530739741056 58517959558316224 93174774256338528 268323341717579200 201469227470216832 20857481896460504 227918479813929792 243629646141635392 286038821556283872 80085170196093504 83876348142816192 141300707053782912 287541222063450144 157848697230270080 112007988306533920 88054910341827472 161652587940546880 217184953969759040 114563996598761952 139612651961843856 283891306188994368 27181361096011968 60295677179706512 83011443769235440 70855584943376176 145432137326155072 181167888011791264 165613136823132672 177163588433362304 46751463382203728 236083475666024960 211430823922869376 145275860644392576 78935377458785024 48057433767007456 14756069199748020 254136873769294336 37050861918011 9260114809290968 146833797054556384 150662689383637888 114938422174723968 
59
99241014419860192 463378655237340160 313421086857788800 53692280108382128 210030984873954432 428582886925107456 190664236479302656 140233925468071456 447938651355862528 262572149955323072 315354711384081024 208128586054461024 75682744989223088 430771940875814336 9321633047384856 306176143199915392 517429481374251520 307557384744650944 427831360920099712 458284541000407296 318321868512333568 31932504319768748 193706726633202624 27249713750396800 97251544674151616 262581771874691200 366776885744996992 526849806641612160 569513269265154816 56833931153660920 151854863786992928 453005576796618112 336880742985128320 392470477844245248 563989028132342528 145856276938347968 256953534735380096 444222829747389184 353518914929346304 177265862902075296 146105385899619616 390207919915801600 396618135109029248 303431195893801792 60700724669422400 104156445248183632 494877852379426240 306609298004450048 121304730407805376 566702761295593920 396587650050939008 288362268572126720 172159190592668544 489455835289167360 12566786469104468 365572132797707392 324014244934735296 332060858608316032 132379158617328512 
60
676843785960468736 486393443549287808 750977255511432832 795555534352134144 17803663384034340 683572774608747904 624989138251101824 525532540376357888 1092512146659236096 527492348443655680 859068084325677952 648992213732094976 788014665310359424 149389287883625472 651954865256503680 1068120630133606400 731051128502144384 1054436006888306688 501774557151495168 331349576710918208 720220261387531648 414752293441444608 1146006569120344192 842773008736819456 172621429568290496 625920831947440768 1062468941103538816 907561933846860544 184416240077467264 261354949456675200 682591239796635904 842187786046577664 157521782534280128 816218116132521600 444318985672700928 607937384325918720 1043824161554350336 431398692236312832 739567337758410496 336966311439854912 558851643897613952 526539186360035968 805620178169904000 125176737713990672 944749937907581184 105914186354254592 805049166431506944 681477961336048128 364918185511507200 633288425467670784 308759997469267072 49809741821326576 49169069897038176 667524900716090880 475035466901057664 751159771526077056 9999624585378808 424580868478946304 55520701286896992 112601092005513296 
61
1360833186872350976 2126947555155930624 2298116566751104256 519394966679741824 1223503072258203648 1106434861725878528 2027161673795419904 42197326642414712 1887371470245797888 1346040788724233216 677810348682678400 1284875441936270848 1558143941879645696 889223388948809984 1576027102974750720 1731944476934891008 460859761920097280 1475955924591763456 631427640930098688 149389490999563872 165627895483040256 2285376305514456832 1628534547751103232 1315136653199651840 1889368158996827136 2281152976076654592 352840611551626688 350167030142295232 2305502148848368128 2152774825869162240 301533922268426816 1899631424596625408 1670377858983802624 2009512657077500928 2055890699527006208 1119374128409863040 1551121788275995648 684989991803675136 653775862930804224 57232155323635104 1701426361930803712 409138648130993152 1859925423194703104 1776848296395210240 41240163026151992 1501487776170767872 245049003470089472 1850460999334398976 299551933445700480 1243292680002551040 650796721628573312 790011700624747648 81824154899972096 744323078644780800 2243686808943209984 1229229652202439680 749103269121472768 2063098862887895040 716168623236379648 1331639725492314880 803331662826264576 
62
2416218314541742592 3425990994439320576 2648160563974376448 4123661577578142720 3115612443391297024 4435485339864808448 1106940644471481088 2328815004584152064 3947690665310234624 1711171757230461952 2987583329141330432 2825451501655282176 1194244107431036416 2443263475105112064 1663395000019389952 2135300890254119936 4389414306992496640 1128688510024552576 1244384381139335680 1700893453786836224 1722558230282167808 3655322148999929856 4144772515977935360 1344412612744334848 3577946227590643712 410221709152558784 3228628303693957120 1830929702831824640 1260093036069929984 3584774756002243072 4386570275151388160 3509696488636379136 1704775901456064256 3768308722152987648 2104005660423151104 1679621454744678400 1294895185399201024 3651665632306691072 2017439160408653824 401957279982089088 380799053546751232 2242085127968675328 3229556504126573568 4227756032121722880 1669438367639162624 2224316607306149888 2844468414123278848 1040994945265873920 631733006967239936 609493496131788032 1498136967634131200 3554710066676433920 3463034247270097920 2109924546285885952 3934069572945339392 2327142117084589056 3337333659342532608 1739071676463619584 4300251615628604416 4955929644425344 2826929294173052416 1485609279006621952 
63
514661486300562880 5400747661089566720 4905763736878530560 8249597987884603392 7114192741253666816 2510380107134725120 308051251359898432 1407701296613087232 1322440658257075968 4664859784890684416 8294282476275904512 6616107383283970048 2120853138268676864 5991686909232077824 2854193378419905536 2099454568730402560 4042200907873280000 5931994525945062400 3897800138848005120 8185120186268084224 5529539247000426496 2635163442734172672 8501281489815250944 7771282486923405312 7589481795972401152 5675993634103098368 3855356358013372416 6743489702420385792 3845105224832819200 3489822482320244224 410562448943890432 9199976066205592576 5487643646877043712 5415459741469263872 8571263968366937088 7623883912935288832 2498893534159919104 9196227575935569920 5843086279266338816 4034722164937600000 3107435477185211392 6280733125990850560 9126601033484090368 7943408219177523200 6384877767777844224 8596823343190918144 4208648366251879424 6649397545954086912 1472381379420209152 6473027021889884160 1274645189900386816 7797237420775810048 3678694415976641536 8688213994682228736 47711862029469680 1103689083517842688 3633238901634444800 5607307915826520064 7130119629961709568 8521788270118988800 7990979607861587968 6360391611946826752 2849136356129531904 
64
15493076899189657600 6149525227202888704 2508203782907365888 1321808575032217088 3632047896389542912 3265291884461250048 13861877766004588544 5576905242526047232 12040003028556969984 1815973471585474048 4798576933721922560 479897808499095296 10741129791893139456 8417079833330240512 7267444498263483392 16196046857591554048 5111400947257716736 14407983274449291264 594712194169109888 4550513571207140864 1660238246246763520 13813736250304473088 8712101888569151488 14132599583126212608 14785688030085113856 395924010058478656 5688504738891948032 7615530414388974592 18240314584087463936 9822718082464233472 5579255313129614336 9677458091995607040 3674433672142532096 7966559468593674240 12933862291188985856 15323134984356014080 15919732565201541120 8721161335877393408 17289919477109059584 9233533852826288128 11216811049361465344 50714048110942312 787470789329291008 13795764903961610240 12627934202173896704 816868177618764544 15584160172887824384 7755288156610914304 2229870998235671040 11524843638029926400 13075068602152665088 13209118119333322752 15024036014184056832 2979838667002644992 18020366580621135872 10458367751923556352 18373411701189089280 7839339404383862784 7505279448947910656 12980140713940240384 7657405768265930752 10093226489935462400 11729887708908945408 4355494322553494016 
65
9980044394064951296 0 0 0 9946191897488740352 0 15972777038351847424 0 9522911599448334336 0 0 0 12772925658600491008 0 0 0 0 0 0 0 7443501265581583360 0 8033055884192743424 0 0 0 1763274393467995648 0 16068277084331616256 0 46744264787251144 0 4409597703431562240 0 7867106061446051840 0 0 0 4463865405718730240 0 0 0 18071980895876001792 0 0 0 0 0 0 0 6237984453219310592 0 0 0 13904603425639628800 0 0 0 16547185396662730752 0 0 0 0 0 0 0 17270575119887933440 0 2578253277115312640 0 12723230405480689664 0 10458881868568895488 0 0 0 0 0 0 0 0 0 0 0 5506970020281638912 0 0 0 10179404506082213888 0 0 0 2120686838668640256 0 0 0 799557934298342272 0 16779669005471092736 0 0 0 0 0 12375914393588842496 0 0 0 7577075203480578048 0 1763239497474591744 0 5801669165642519552 0 0 0 0 0 0 0 0 0 0 0 0 0 0 0 12957514174417543168 0 
66
0 0 0 0 7447194908264982528 0 0 0 17774886121638531072 2 9720742337097545728 2 0 2 0 2 5680122586266449920 2 0 2 8387465877199639552 2 0 2 0 2 0 0 17780949729288599552 0 8046090429216409600 0 0 2 0 0 0 2 4241786417346311168 0 8649938398054608896 2 0 0 0 0 0 2 0 0 14794950957679636480 0 0 2 0 2 0 2 16739348043589570560 0 2690997410531829760 0 0 2 7199004177945976832 0 0 0 12142410323361804288 2 0 0 6219163283342024704 0 0 0 0 2 17016214619786274816 2 14003490731860869120 0 5746313573917820928 2 14248089692070211584 2 0 0 0 0 0 0 17382096819599921152 0 15756776264601960448 0 13874089741677078528 0 0 2 0 0 18136547488179093504 0 0 2 1593934342769768960 0 0 0 0 0 6947137850687232000 2 0 0 0 2 0 0 17140864071934570496 2 0 2 0 2 5330358352486323200 2 5658404754159760384 2 15150727696587280384 0 
67
15772257153450598400 2 7573762945705668608 0 18439880913412096000 4 0 4 312433512911036992 2 0 4 64193961633872400 6 1445936247728728320 4 0 6 16993682512955250688 0 100653844952123936 2 0 4 9565690051587919872 0 8487844946644951040 6 0 6 0 2 0 4 16931822319081740288 4 3196340649510092800 2 12229797141105760256 4 13114915810414673920 6 0 0 12960128745721180160 2 476956069067310336 6 0 6 0 6 0 6 0 4 0 2 8458916302487824384 4 0 4 90257733333741120 4 0 2 18209662109112762368 6 0 4 0 2 0 4 5965278058513328128 6 0 4 16758989524785188864 6 4318915240082834432 4 12545723702432815104 4 0 2 7087266504045471744 2 9289277492601544704 0 0 2 0 6 0 6 0 2 18275872389173317632 2 0 0 0 2 0 6 17981446872856158208 6 6427015711335948288 4 0 6 0 4 12775865681764818944 6 0 4 9501214024105805824 0 0 4 0 0 9879919326951489536 2 3231199869545550848 2 10490231026211160064 6 1495936527385573120 0 6448180464687601664 2 
68
0 4 0 6 13182270711215704064 4 0 14 13891586729416077312 14 3939107905769307136 10 4830152468074518528 14 0 4 9678333436461674496 6 0 6 0 4 0 6 4882969355341572096 6 13309398709457424384 4 12432005962665240576 8 5825196717953404928 6 0 0 15602997700566196224 10 9253942063312951296 12 6882028137587321856 12 18372594546795237376 8 0 6 6198728246438094848 8 16593869815406190592 2 0 6 0 12 0 4 5864060762262295552 10 0 10 8870225485115912192 8 15282830754857963520 6 0 8 3368393910416845824 12 4465928576498862080 8 16894348280443832320 10 0 2 15099564370857467904 6 0 6 5023721640509322240 8 1492525970338400512 0 262893414548062304 0 0 14 0 14 0 10 0 12 0 0 0 6 342573314511495232 14 1891196429544952576 0 0 0 4449626570948315136 4 853118369277220352 8 18035207090918123520 10 0 2 832160577354570880 0 0 0 0 8 5832288758512778240 2 244053789870227840 12 5068970593340891136 2 5761357874424047616 6 2084854891578876416 0 0 2 0 12 792060410431690240 8 15262354615806101504 0 7145970889062111232 8 3142812309255231488 2 
69
0 4 0 24 15954479141324132352 22 18115423906064816128 6 0 30 18301909264638404608 18 0 8 0 6 0 14 15951642369222907904 26 7644252339877757952 12 0 20 1752111697229574144 24 2978284492646681600 2 15580825899785756672 8 4845382908903560192 26 12799900714037829632 10 0 4 11163120304129697792 24 0 30 0 14 0 30 0 30 0 30 0 0 9025505075536584704 8 0 2 1418558378197752832 24 7875069111399045120 22 12511375575909933056 26 0 26 0 4 0 4 0 18 15740515502599360512 14 1092701875245959168 22 15406103101618685952 24 0 16 11987162213410406400 18 0 22 0 28 0 16 0 20 0 22 0 2 8706893599470273536 0 16339387543761043456 8 10954547544740276224 2 12179478518923978752 26 0 14 6868934785144426496 2 0 8 17647839891954186240 6 0 6 11510581708659798016 28 0 2 0 10 0 2 0 28 3602148469914497536 2 0 22 817331610369958656 8 0 16 8404264417831426048 16 5891123486433574912 6 0 0 1639670356904979968 24 0 2 9126171318400094208 8 
70
0 20 9344001356474167296 24 7943095996504848384 28 0 4 5159403089027944448 40 0 34 0 0 0 12 0 24 7375531616702154752 60 6397433594646020096 40 12800962575274250240 16 0 8 4421718899827399168 24 0 56 2271212295105230080 44 0 26 1518224355599948800 20 0 22 15740720350394255360 26 9402541160321196032 6 0 20 0 2 0 52 2599243845975982592 24 9239876400832354304 60 14790727693190934528 6 1799363278296884224 34 6524050480170041344 14 1265938167215341824 44 1694897185906884096 22 9233126591946760192 46 2545740556509037568 42 0 20 14322621233273057280 62 0 10 0 34 15153055302709596160 6 13268026940659369984 60 8814550762717822976 2 11504101067950456832 4 3250334387135521280 20 18031471933415424000 22 0 36 7232995251121837056 28 0 42 0 10 0 32 10314424576074602496 34 13231703208500252672 24 0 4 0 8 1632766939925543168 24 0 40 10606982169114036224 2 0 16 13720567513879678976 24 12410502666007928832 40 4707106693522405376 20 14256720496091176960 4 0 30 0 20 2297053425775980032 48 5605429985596430336 0 13235444936530380800 36 0 44 3737620573008940032 40 4753062952602766336 2 256973215554324768 32 14635693623260297216 12 
71
11226315840565837824 90 0 84 0 104 0 114 0 50 5254634582889752576 124 0 30 0 34 5232411764547866624 18 0 16 13677029211128784896 96 0 102 0 30 15604904141645830144 52 8772378849205686272 4 7689077779944448000 102 0 24 9008137463644407808 18 7018914567352318976 80 10080846903211259904 36 0 88 4218260138292135936 32 12689713622343835648 76 0 118 0 116 0 10 2700383650741360640 56 13346804356072318976 10 11848002200685371392 48 0 92 1085732064881868800 110 16626682649572585472 10 0 112 0 42 15606754309793542144 88 0 94 14180813129858183168 36 0 118 0 60 0 80 11282856636182904832 102 0 90 6665471968727464960 32 0 30 0 44 0 116 15900823465347080192 82 0 6 2146721672383364608 124 0 96 17280984223504220160 122 0 108 12848290542801518592 52 0 36 0 22 5477264999093297152 72 0 56 0 88 1362499647168424192 104 0 2 11713013236921247744 72 0 40 673252952921995520 114 8360798771566746624 74 16405333221166673920 20 12899161000871299072 8 0 40 0 98 4703236582437658624 12 3696780108185606656 84 0 32 
72
0 218 9847356609717319680 244 17184788573893226496 92 4663399697824098304 72 13022864215116836864 230 0 184 10454653416410839040 170 0 90 12197907405163821056 244 10679400148817012736 152 9441310260367304704 34 0 32 0 0 0 60 15024921285541175296 146 3395270623672868352 174 0 186 0 160 0 72 5122588548019591168 242 0 208 0 0 0 88 0 190 5848578565251549184 44 0 82 0 102 16234055597818726400 148 5694265303763885056 74 15974438935356370944 236 0 176 162525926495895936 228 0 46 8085487131359608832 220 9426688349747398656 2 0 58 15473652148734255104 94 0 224 901576619652496896 2 0 156 0 214 2783273290905998336 4 0 180 0 148 3020418498053981184 160 0 110 12707536053244233728 130 0 60 16808038988673007616 140 0 146 0 194 11940768983271809024 230 0 240 5014365047221514240 90 0 10 6488368144892450816 88 7958906405119501312 222 0 14 52002073710153264 128 12726890607503167488 224 14542928806225012736 8 1411129959363938816 48 3722422907346850816 134 0 236 12710210278587443200 64 4802471890227534848 196 0 40 0 48 0 134 13420946837064308736 92 0 170 0 92 
73
15437377374841974784 184 0 244 6938992217089183744 492 1067741792939697792 484 12912569691910428672 418 0 332 0 112 16004734599799922688 126 9588780880920317952 210 0 466 0 92 6557517281464837120 14 0 476 0 136 0 334 6545118918046281728 422 0 248 15571451609733787648 116 5942700269789374464 316 0 62 11635890257140029440 490 0 126 0 54 0 214 14160965037252130816 496 3685228309456893440 400 0 262 0 124 3776877535249064960 298 17277758779553470464 32 1465660147777451520 282 0 222 605547036531063424 70 0 222 0 6 8617900408808336384 350 0 438 6342163123775208448 162 0 28 2452686286061526016 228 0 278 0 414 5563230424931332096 500 8998703056724258816 346 0 74 0 334 0 78 16075095784447571968 76 0 226 16296486283180101632 500 0 348 17799804394644330496 336 0 476 7084764528894048256 278 0 480 12330312769764845568 482 0 24 0 86 11633298039942959104 176 13986384838803255296 294 0 494 0 288 3448083403052700672 334 9073490052644234240 352 7058003178993651712 338 993673228969559552 308 5093719469166512128 378 0 118 1197438810393552128 480 0 206 0 44 1058652564518934016 274 0 66 
74
0 786 11362929254660454400 712 0 552 0 476 17922221196672395264 36 4880336423518347264 290 11185881175865163776 566 0 282 0 238 7140768835137542144 770 10869839226036332544 722 16152096102964740096 296 3230754973590384640 404 4313763960186457088 580 1638462677480976640 650 221736008064904960 426 0 188 0 926 1703754536326304000 918 0 512 0 750 14238640738786406400 472 3325031125644014592 472 0 240 6976408759237159936 442 9765778175341975552 452 7798325680157005824 1014 15579160548099227648 94 9180158199253762048 986 0 402 0 518 0 20 6156484054039130112 288 15899157547779727360 534 7854167642333562880 328 406877942632830592 58 0 540 16725297928945506304 854 0 214 9374264912549146624 336 572872990236487424 826 2013501500024936960 660 1749608388302324992 80 13315709725711587328 550 10311029826852534272 658 0 268 0 140 0 874 0 578 0 772 0 612 3491984042727793664 226 0 414 0 568 0 100 17522110928880746496 658 1064646284584981248 546 0 798 4884935782819431424 266 0 962 0 1022 11298991992224110592 556 1805343444732400640 104 0 146 2362521483577012736 466 0 760 16424862865023076352 122 0 38 14932762697012406272 266 9314882599695011840 72 16141867783370557440 680 14763206029296164864 2 13789927752322805760 182 17769183973482078208 16 
75
5193674303329150976 2024 7134273496215904256 222 13344532129556545536 708 0 1958 0 1942 3800864596291699712 1882 0 178 0 988 6717710679886980096 1604 4250842298561577984 842 0 1682 1715090044605936384 1794 0 1746 0 640 1824477273878567168 1192 0 520 9694463725942874112 396 0 1694 18350965440356990976 1932 243087125986546496 1144 5432327091551616000 1338 264167406983745408 200 11594469184992413696 46 0 1024 0 834 0 478 18401396496261632000 1040 16288406654399934464 846 0 1658 0 900 0 224 0 1344 0 970 13917733605562142720 1396 0 1470 0 1900 12705085484967518208 1154 9631372612337364992 1640 0 1514 0 1492 1734075852700498432 670 0 722 0 290 6018871141685276672 1028 7600714501517945856 412 11250797957328009216 642 0 1150 0 372 0 628 672609335789927936 2008 0 1460 978041725556892032 26 0 198 0 1576 13306805556904994816 1422 2102924323821308160 1672 0 130 0 798 1309194522190559488 74 11542078918452668416 174 0 22 11314711485670543360 534 12472500236956162048 1142 0 1456 13878261320249462784 1958 5982021194438597632 88 0 368 0 708 0 1354 0 1414 0 184 0 76 0 1210 1723098385156392192 232 11634284899171350528 56 
76
0 2802 18048075490714451968 640 0 64 0 478 0 1088 1070699371598588416 3082 0 3270 3037511941334223872 780 0 2410 7490189321586962432 1348 0 68 0 1688 0 2690 11958285748663476224 262 0 544 14825439060135202816 2400 0 3412 5278022988043502592 568 5923727227379270656 3914 0 3792 0 2834 3429894311502685184 1576 13224140671148855296 1696 0 158 0 2640 0 1476 11642727491334344704 3344 1907696111730386944 4078 0 3712 12665575118357972992 180 104300401882832928 2480 0 838 2618345503875710976 754 0 3666 0 1972 0 3050 0 542 3860589570958025728 2858 0 32 3928908147067856896 4030 0 714 0 1442 0 210 0 3954 0 1244 0 2932 8534474715846563840 460 0 400 0 248 0 3406 3736686347940325888 2072 0 456 0 3562 10504594908146026496 1568 5876280471883742208 434 0 1996 13459231969402611712 3026 0 1378 0 2412 0 2738 42614300058594880 2668 0 2038 4570525726467600896 2010 2982270318718534656 2910 3928043032050076160 890 106124782071443712 1772 3200386922059399168 1898 11830809997980717056 580 1280342385511415296 202 0 3912 0 304 4337464285666636288 3084 17844040575396446208 94 0 1216 0 2922 0 8 
77
773054208426793856 1316 10874687361222699008 4370 11409249808376827904 834 0 5242 0 3714 0 3624 2563891509329687040 1836 0 1606 0 5292 13174876893092433920 596 10780983322620086272 3896 13536355772128694272 744 6407779849805629440 240 0 806 4180920076987180544 5878 14500463305172746240 1374 1800336104622802944 1738 9307038350095200256 4030 15923755069152989184 5146 18036408274877784064 2252 0 2206 0 2952 0 2486 9046332977208224768 1728 0 7716 0 3766 0 1092 0 5824 12872907983616225280 300 3265026842490143744 2682 7508625937941804032 4692 13287491781749108736 7544 0 6134 0 6310 16258011644701929472 7768 12162630106790684672 1220 601067427522726912 5040 0 3592 1178877682968158976 292 0 3422 0 2300 0 6916 14425463089717698560 7240 4421133144114300416 1438 0 246 0 3952 10894820963644870656 6352 0 7278 11088072256706498560 3406 5998055395729592320 6052 13610321733861629952 5080 0 780 0 1280 0 4134 3037066089438169088 186 17735337824244287488 5254 865488952798736640 678 3259700218073379328 5432 12743114271606329344 7042 0 3796 14522722355773661184 4642 0 1998 9429302595017156608 8136 0 3324 4042266827433316864 6822 430664527243767680 3224 6317607801838806016 2058 2397589452286611968 1968 5440640805931048960 2978 0 4234 17498355529490644992 2214 0 6770 0 4298 0 3422 11668575043418046464 2206 5168833609136961536 866 16266287504935223296 2458 
78
14047014240448194560 2978 0 4540 0 14894 0 7308 2131680030864972800 15628 5563596498966360064 8072 13486148077627875328 13514 0 13852 0 8462 11828824715491827712 7336 0 3026 0 13120 6729133796262594560 15300 0 2518 0 3716 11349581144804831232 10288 15610270296554387456 4812 0 1170 17227534123145031680 2038 0 9378 0 9664 4501824337003241472 9788 0 12256 0 5576 0 582 17797269256819253248 7954 0 11468 0 3934 0 8416 0 8048 16545466759569358848 15404 11868573511955165184 4594 9075696582140911616 2496 8518637036681480192 13062 0 8282 2096987830144634368 11750 0 15026 4938895745445178368 11144 0 13132 15908618763630069760 7202 9661833901523879936 15946 4751861035942289408 10286 12244771530488389632 1508 12740145103676747776 5406 0 9102 11425495840953364480 11912 0 13436 0 826 15611188570877605888 462 9366783914584311808 3108 4686125284822035456 5964 0 12114 3450995189271727616 9538 4852507598988793856 9454 0 1242 17462984023278624768 7458 0 13154 11952702900953485312 11132 5338758419744824320 14858 9571670857362038784 14578 0 15730 0 2346 0 12060 9075268605575573504 7216 6310652951320002560 2338 0 9228 9665003844555231232 11178 12013632714796109824 8976 0 296 14477810517625057280 7644 1862538301508986112 7320 0 5222 13350418095377319936 10272 0 6150 0 13028 5495251491137810432 8616 15520318948307972096 11322 0 3166 
79
0 554 0 27992 1431858964487704064 7566 0 25178 0 9208 12360109139006126080 6586 0 23114 0 8066 0 2158 0 7250 8912107991938555904 28318 18264576010352975872 5914 0 30324 4540842661563811328 3698 0 21610 2718840603819332608 11386 17459123958116829184 26286 0 2818 0 3476 0 13822 0 17986 16296397586084794368 16210 15754028111812202496 10320 11794221105337976832 6486 13085130338335813632 7066 12128650061849229312 4584 0 32114 0 1450 0 23752 0 1038 9661808816935180288 31582 0 26546 315899255054105216 2766 16566596921129322496 16574 0 26766 4835166849321592832 19514 11607457037937979392 24022 0 19156 0 208 17226051083773143040 25104 0 21410 12511198992281354240 11036 12000114568256163840 10248 15571460346351747072 9494 11874665471524503552 24312 10099416996294555648 20430 0 8920 14839183676156968960 31518 1255016942340078336 14618 0 14906 2802231593336805376 30508 12980496292392890368 19618 8286757399945893888 13388 6690733474133854208 7252 13802849700532076544 22044 0 20570 0 17292 10142853373121736704 18266 0 23208 10786450096321925120 27026 0 1950 9506322609310210048 20950 0 19530 0 17470 3511528103839408128 26 0 22004 0 28792 0 2278 0 25186 12729392347603136512 25934 0 782 0 12148 0 20658 10988696995563059200 26748 0 11234 8507035320028089344 29468 7511384606082166784 20364 14663709248869896192 18738 0 13460 
80
11654476302509088768 5040 0 56612 16868709787168206848 8108 0 8502 15734079322585153536 39748 0 56378 0 38958 0 62904 15811078703604316160 57462 3894908765567319040 44690 0 27356 2033789157683208960 56166 17196846035699394560 18502 0 9626 12011523997399332864 29058 14047393784990496768 60974 6714738408599384064 15960 3076897403980767232 14110 1005038795956018688 17244 14803900522042558464 55566 0 42534 18004587664214157312 31322 0 37670 8364201138116842496 64340 12118414940145768448 48872 0 54348 0 59038 2835231974451740672 27964 0 59054 13728058546868021248 51618 16005353065677053952 19252 0 38182 18354428446042454016 7862 0 48570 0 47694 0 46520 16298024902242338816 22304 0 32556 9364223326535178240 42490 1374382046086151424 63824 14708554536532938752 2744 0 19028 0 34716 0 31626 0 59686 0 48778 0 29596 18279667957679798272 62926 395770329131499008 52624 6148665164651479040 2150 0 52180 0 15920 0 50632 1808840767986011392 20844 0 38804 0 62426 0 58452 10440692100862128128 9946 0 24392 15554476682002345984 40820 6942605714138150912 18286 9665056179584401408 5920 2580817076804959744 6084 0 34354 18167827263807066112 29522 11136466181239916544 6096 0 44386 7261822686299758592 29776 0 38562 8039429573410916352 30746 9950745326173743104 49678 0 20526 11605082549728808960 39470 6207594123545075712 1170 18422406562854961152 39606 5302388674449934336 58506 0 11944 17653710219605448704 16518 14391311173451466752 1362 4954941460579595264 23520 
