3
2 1 0 
4
6 1 1 0 
5
6 1 1 16 8 
6
18 45 34 18 9 6 
7
62 37 59 69 69 71 56 
8
44 148 203 245 74 73 60 14 
9
272 348 210 498 399 328 302 284 251 
10
502 841 649 1014 905 713 683 893 155 254 
11
1596 1304 1753 855 207 1153 284 1588 586 397 167 
12
3158 1093 227 864 3169 3420 575 1540 1064 2248 2483 1585 
13
2224 2432 680 5748 2153 7965 5272 1863 2722 4524 2280 1331 616 
14
11234 10889 4480 15650 6464 969 5169 11303 2621 4387 10440 13723 2652 3211 
15
21376 6412 27722 29302 28456 31064 7212 22273 19123 24985 30932 9590 1259 3644 1981 
16
50576 15756 8714 18070 48809 12048 13312 43803 46755 43452 63867 38578 44370 55286 41993 32657 
17
37560 3236 16994 112529 58089 127383 32660 30587 110312 42461 117706 34114 33001 1016 1268 7993 1320 
18
94606 229861 240771 89185 29824 115338 11146 46967 175299 98528 139676 49484 196761 132565 231481 19366 21039 29958 
19
81740 39568 91537 257025 223654 127568 356001 86 262677 152931 483917 426075 451107 349309 472700 268330 156797 351768 195904 
20
660964 1030304 657841 452192 992004 731855 520489 983591 920149 214456 891401 279846 189507 69754 498248 611402 59122 807935 675290 427447 
21
1647294 1236161 593977 759493 581253 249221 1647882 406331 1940192 1152409 1493626 173362 607134 1476801 2036786 1650490 1626989 1076394 1598848 381277 517955 
22
2826330 768873 3516256 3268755 2099657 2986054 957751 3213848 1147990 1646726 4112708 3469522 395362 1886735 732168 863598 443311 611395 638052 1500771 536460 3261 
23
4729260 1481400 3128129 6219331 3103234 6202755 5707532 6253091 94821 6967774 7088232 2835607 2188118 8328621 1711000 3932206 8010196 1927934 2270462 2354877 254186 900628 75497 
24
2745862 15985233 4834449 1716144 9621006 1774280 635938 8397868 11662344 12261435 797149 2647578 99168 1199563 15247639 2117975 6034279 14426682 5440512 10702445 4662074 576259 1523718 672658 
25
1542116 23495648 11259785 2977172 3957512 19569603 786211 23312687 32281855 28406903 29139789 3182828 23808992 31065816 23925340 32771559 8540877 7155943 6472987 28472700 8957457 26140606 25620866 24749828 15267746 
26
45837988 46080252 53021931 57700534 42934602 66677903 2129046 54177391 1721360 55131265 61885413 25540325 3623496 15125243 3650921 65693824 26499639 32829843 14383122 13927351 28267947 5436655 3056168 2075699 34836140 16811711 
27
72596758 49346057 70836265 91009862 21857633 33187796 109528888 61620000 74864377 29426154 50076147 42243201 69438859 47562927 94642534 77740063 4731473 66883937 52063704 58131644 9315623 9098670 67839803 70446818 934584 928962 12636493 
28
253569850 127638869 89653986 151341857 112307779 264020749 70786198 29101124 202009643 160713789 137153490 38221787 159975490 184879409 78513928 160957490 87439387 157632770 185822889 154195431 128811767 232473840 136448004 170971826 4174511 143927347 137445751 116307753 
29
468697158 478012833 469485769 312659348 352683048 439759698 5613989 64850766 336975082 30076064 196936474 433521356 116777248 224858722 24515343 188552159 150126039 320170541 163773939 487622279 382459366 128047 295008967 156573325 516877973 85103789 320352530 294497319 224004415 
30
709995162 234764877 441484322 391991539 357431433 517615500 169620362 71213433 291064032 908281955 168103972 629838643 969493594 837075187 669037336 845179029 679614233 375196322 233972954 156375546 653132271 135586434 312406335 559249442 244087066 559072877 689326778 892146791 675459900 512883201 
31
1036744680 939637648 256095704 181261381 901312870 298942929 1341742653 413793575 712049335 1708849475 1149964493 1446437570 968509151 341707415 1072437977 1397885630 1461192175 1265417733 2054842376 1339520729 267238256 433478096 1933501293 691558137 956027509 1012910412 1914269269 868110799 795211955 1606701843 609193536 
32
2677393038 1498353997 120696531 2336338099 161601324 3995516248 23283366 2222351693 1983102130 2448309333 4057181173 2587526948 2922177338 538253228 897847505 1842486589 2383422815 3901525986 1699902115 4200733186 2193993093 1690835956 3233580746 3027420689 570738271 3977845037 3668300197 101423163 76041987 2209281312 107906338 651894441 
33
3255309374 4847630241 365491433 8067469109 1840080201 6698798863 7389770260 289372422 7471709370 590293098 2751881535 122577832 5326127559 7612944342 4228594910 2582118510 1865565112 8147787496 1474969328 2564082589 3374911946 4669805266 5279365486 4652441630 4539792308 2036664865 7946599732 6297342320 250401220 172185434 4531380249 68871529 1306669418 
34
15885109140 16241208280 12648880457 6716645750 16457562603 5139387416 10341475486 13033874771 13301962399 6390695171 1615545313 8857145366 4583893300 11512877274 15347224440 4241633581 8908836235 10999662429 259016814 10044325638 3897340217 848181972 10579398653 795528085 14772803588 13705898017 12361574928 4841712578 4352234301 9931105893 11363976790 1142087711 453006267 1732995543 
35
32423954482 13598021333 22748114450 31129201376 34132662247 22738778905 18332024346 13552934938 6403621936 7049225342 12250379094 3571847277 7191784562 17484666604 5279888587 17524356876 15335560602 20347169585 21194362229 8540043073 29421027513 27368914780 1244006588 8222071239 31142445484 8269423806 27148590025 6492673327 17250905368 21517718426 25903762804 21653036561 20057772991 1160840347 8408965245 
36
4556215994 23216906961 35375956320 2140478353 61403634187 58822537157 9125781542 22153211179 58893438636 40850903355 59084718497 49853825464 7553868313 38494195938 8936535623 12899414306 37362372250 2991862661 47380085386 43136447648 46139938175 53520987856 10670547922 66454670943 54803303515 6396001147 19770925391 24005839069 31389346156 31188001198 33082586138 57127681824 47152668579 23368353872 47204795826 23651495732 
37
85599900588 1204657032 6427179217 128007838611 101844762508 134720003777 117773595300 35462273151 49639922715 5656703099 104243321136 133056234942 93544572927 48546714196 109124785861 101313745951 112682764690 129392510677 42208504207 6260089434 7151579372 62407775921 77506006394 43157600746 15542793966 127665477975 117065758015 21002021229 59643890228 47682635861 41272770287 74544617753 132994888573 90829990257 13323376696 6285651432 15137496185 
38
35093892044 157511615080 164830717137 98532398931 97009142316 113971725394 34540141615 19959946245 116909486089 80893308955 214564626668 74693415121 189503974344 31506765636 70139414017 187031831266 33189444364 260417906737 147292128942 45159483182 237381598136 259179274430 194064462155 254594835149 225634465441 133224697937 132117462674 217724588387 200389261080 157173353871 116043050508 241542334138 258819075328 156206211900 185613889694 162519486817 145218490168 136263930886 
39
38651048190 75165990497 320154181233 232147799809 444976749029 422524110039 406040910903 199967326257 399959842328 417359715598 217071872878 454876202846 518390063959 324960539651 18414184378 110569527106 399217821318 430280819640 20661902718 523222068439 360553635722 141962231286 11585230305 490657434325 233415467337 252536919445 546310620041 104214228957 334568722705 252678748705 127693309985 100702993623 278438390546 71534912764 209732452824 2114566597 29789623626 292723236536 142079638388 
40
1014373784150 912673427201 1084786441849 898073149364 779387171469 275189617292 1008964609413 875266906744 987216776266 340661261503 149262158670 827411711375 260244382397 122960859228 240868404790 108088470793 856658977927 126020326983 512659955500 1068100821716 154755239930 710596249537 790251918029 986658496482 566978295963 1049673503094 756489869331 383877153227 1075904467774 906488293459 448998606802 568290983364 473132663704 486141134528 968581657367 74491556549 1006067707934 924877346133 788035079151 501301709279 
41
1871974306176 1559773448872 522194054312 1708544632262 556380372000 2115926635542 1188765937800 1680818410063 93474554377 861664050562 1072967637564 478445876758 1230380003057 1385695517308 872192382468 2046596317140 1252067959425 1797674001466 1522352575395 916461067891 1801867451615 691256091214 316133880913 1955033443794 1973518544750 1439241126769 528970091116 1433030234779 1644500899461 1509105088546 1136843824585 572714624893 277828160927 1942257891459 767633693160 1926280306222 1804759242053 1735505939495 1147826662950 268464473785 526059548907 
42
310224850152 629841812820 3880235753442 3367861830929 1436164852394 1750057546517 3623992320519 2277389978645 1755641882158 4220720061812 1165903889295 3419510669975 3223735255590 3012055122272 2992748966126 4099825542197 4297507792779 3331158966375 4019718963947 4363071749426 2501972097055 2282306791690 1059247170883 3702748797537 445713831074 2355672713969 1946318632938 809443944577 858633508517 4224610209471 2901706302836 2849465422658 1352733172836 4028444350198 278096920116 3242843045201 1003561216938 2866006585344 3419697386065 2452364325670 2487399452540 2108338207436 
43
2626696365598 1429805073669 6942319265179 6673163750629 8212052738085 6050620482328 8245872416648 601217806412 2382633496678 8565913799777 7886601034319 3468267677192 6448433251776 79813626272 7193019726661 6912702439409 3013016954853 7950597190346 2128802975675 3436291919581 5689106242228 2977353482772 26827385045 1551641810952 2206687420587 5580107023503 567351426170 8455036372608 3165633684617 7471135889102 2959257687014 6194032110059 1943265581257 1944047741889 2418141371458 7353530832850 8161681682524 4796819901777 1869124768343 5823910990496 7505633484402 1221803626333 1892638971516 
44
13537917915410 11769754717629 17406306392194 13597410641682 17041820235979 2507664587778 3496910623760 5183266529558 13345939728011 14997936725256 2365707899754 6305449263670 9537461061237 7736530600368 16262006410793 8259142317807 10042353009989 13798912135552 5082373997950 7767293490499 13646808013676 9651275020084 7533006361001 3737530209181 530295743760 4104525696913 17083110667562 7715227434551 7099273485302 5948929835596 12705006020538 322428901052 3163905336120 226620721136 3446051052798 210039634008 2104857725087 2058154483666 16156357312573 7083582216838 9021285837396 5245745292406 11820762852253 5773580260127 
45
18688018606836 19571535177592 12018839462169 9355450211910 7800713883047 27237666453907 16376778916107 23239228553777 7272975537782 12463296873867 20953524441882 3240558645433 16913500597672 4260738044087 33750704560299 13764237483315 26140409361753 28233177244658 3767303971315 5592530848044 14279649368513 18885253306023 3824320114362 17824520036501 33998765110688 6635460261686 34376668587993 33458078061982 5157445752606 32877023907865 34588298646438 24250309320354 30967874327393 1673657928845 23686354536295 4765458498839 16940707367697 11619932731589 22095146072679 30950357723503 28683476612754 5707194007380 29540769976784 23851783344748 15143746618531 
46
52225789857612 25088946183784 45630342518089 38491938196807 44529656030656 36827153014274 50151147913247 40856215551760 57722334880413 18802237432227 34080431327423 39529344279723 9325510877350 1256837405584 66008562317012 66398513686186 50448955609199 18576107936485 32731531643833 64430242030190 62255321293046 57190723895939 25245510988156 70180678457859 38682124661091 52466206282009 31827499551668 27990943630970 68402229790458 65269004512870 4819045340211 28072484335569 8263691836179 64924188515641 14754216551793 2364934739953 10721292722035 26991172763057 19329177853235 67557803363398 47105783966445 9943718038539 572688549315 21675602990165 44954298533634 19250911234557 
47
140138144893576 121446215589892 89557269472202 102442087974261 109928165315304 121762584318424 77217696750268 38005062616693 63535239488556 19777364054229 104503730014600 114391454098497 4925474964080 1128866646278 46301430743972 1694672690429 75136932303276 9587491353182 51793366277168 126547857086487 117480065133621 92096937934164 66563782790089 116644438355490 113806335688052 43483956217762 38679182932727 107424399299756 71808321366401 136517124703711 110437076204291 62788348198876 80930018692108 95286414652540 29137435714083 31489464917880 106522849792759 12482987037311 45837236376343 46587702313904 130161654408989 138152047822067 135284545361003 60394233548075 86924239308557 17390051805619 25372413987967 
48
91520851927712 148757379719568 81145885814744 222621377585028 152834919476614 180304101675969 220580401261604 32255674528831 14778055990334 226408855378989 215182203493340 43084711290716 75334894233512 208864869603543 25140970432525 62822199943350 56500050898328 279239996285799 250205384562675 85198790392865 273000341794901 118974681025132 64336925273955 101545331580199 133227921347125 145419160831511 175935022231710 146674002723717 121460281919661 257989427571284 26109655489379 263402592912209 183251042192462 71972911819394 80411857157349 67144324500079 256095220819433 109777102024489 270695055188910 70582960289380 33186290577335 76286945217595 109168852368258 247513361327068 36594225766529 242415293671456 51637078857293 44331278149242 
49
520503417666554 422181780768457 48107289627744 309508463640227 285685417705633 408028208600605 399952399157767 18705273380379 306462219052033 126536746421483 9695585420206 306325483299533 374895667855529 351856764193033 558620586677959 501752493180142 337136387137624 486043620788794 442237947387384 280615061789924 411021817395987 484382851753444 110288329647669 260998659657556 367692556992407 557190136303882 220705761348681 488568933836270 217493647054902 449341939605217 111617788005686 503383761832710 287258622820329 249664695562376 359645265777177 426491282409770 272569565290298 80093180072203 22787415643231 74186805550422 205195562189567 423990632844150 26754858637570 128783246607439 190559817784235 27566358086246 431793863455331 372849310089217 213363962935675 
50
4468995913540 846231189716008 487856118019777 324994665178850 4557071488416 94386779659610 528943761253165 821060825529884 106136907219569 84343744510413 314524850983103 403380204991138 126129064914615 636317742013135 885929530918987 831836806006871 99974661179687 216226911562568 580825867409222 103312308400869 804087105386734 569189589410675 905975414057699 981983861959645 952391795771402 50960088258236 519967833079707 227000054039430 148359164760268 774719850746152 862745212365636 378839635088143 1058051293564692 688711709523268 957780259888922 894066009304096 1095406374648429 642159307616790 348627299797152 144040123956142 412093538386030 353523511409804 19087286259257 440253720104580 260871026480164 511676696811980 56314228882400 343671405969604 751369191443534 281747203088514 
51
1170006515186884 2053416094374268 1499755814354043 2193496260824790 762110550987694 233551213575318 1679287631616655 504630301363833 601696162933266 886773791653336 1898547412271789 1247716256855023 1201526700649079 303095645264677 334290138604317 955810319262483 1618405134208442 299916598726896 1644271892625696 1860398469912497 349910753756845 142997771079707 929121318890186 1306034291917527 1568982258221224 1466038801105217 754618263666637 358428186891077 2029052207594071 725806545694906 2090985618137505 335799113410672 469802201817581 2125562795591698 356243528975301 1024203590597993 557187979281803 1496447557379512 1822516213946600 2068560562306698 1047748057342290 853328493096906 1442587145510516 1024552710245515 776189494912116 1773898107572049 898250672740590 1153504293750008 87685437317838 1262009371363098 744241924742223 
52
952764474383126 3395810807131621 1153932325662579 644585126023104 631434596710469 1784144672881542 2078205166866974 3284133298559018 877311464591919 772774395664749 313158667221006 4211595399022271 2853400440784881 3409473634485302 4223728445504505 4178743955566813 2766262406234324 1070438604106890 2588308885067261 1468692531803717 3054566071463804 1146006370261482 95422521680446 3224444323395794 313012826463784 583292019810204 456264311414693 2855816118360044 689628496800210 3919521952558344 4438269548981719 683325960202215 249532380410488 3714809841553580 1556875474598604 702410460137855 4251054955841102 3209223538309550 4168513466494870 969972860561313 950272655053060 4161647593462521 1390250543427376 1656245238015900 603194199486262 2425160674843345 1143397349034089 3710050263861888 1840266341205441 2555234330270713 508345352513638 741562218051714 
53
3613757438389164 2200892161381724 8367978501206475 7193651841611319 4619816864507306 1319834287319897 5024209436424358 7906342460067413 5354338767734839 5737126116049065 1331793030224026 3286929874343393 2216020878609486 4526239936479357 8837304432335383 3045894947215922 1971286893538855 8516017200680371 6223600551619270 3776244890312429 8171496562549858 8390358762407515 5516667775407523 8980105345902824 4907408341694642 2006597736459358 8215143278169016 8371622030716145 5876169278831661 8164890848365907 8506142772128501 6198421115345660 6938012991354983 7369793599530906 1711809181987272 4534948370956608 1957960073738587 5983287507475319 1035976109416160 5274624341386143 8244828296077138 5578110346499213 7952628247198089 3450036858657884 6687900947494119 8163682165476916 3693466012537427 6776088715893871 4630456586295630 5650213134391554 5204216146515623 4764198592235661 4424073978733532 
54
1606299386275142 519983640026361 7166346794907849 9315381599593654 2797869452059082 5495505517929226 10300341294668568 12970911644263198 5246304323111153 16847927439672544 11664772582744588 2359937663840582 7081705477867590 4305851275742397 9155864609686072 12364919377760296 1057089458681970 12703615029159492 6593304111312454 14888769746597572 3682819882918809 4849650207030986 2052151962243313 6796310388236752 13926711337939276 12876531291963004 1185123754977520 8385676439878425 13432224785326320 16145332041974168 4852527214054152 12146927995670160 7181223302286037 9989561529086056 1455143602287890 7540113527738315 8982936659872704 5881691606442419 2808939838937487 14351206343676056 5946432798050052 4785373295168288 14100836768342180 3312684575797834 10595729268541152 4664088993897749 6483794992147990 14417866347103092 5870670461777471 4728563844883360 9377958521086144 9016380730031764 10106407712723748 8044588418385608 
55
1250719809108462 12963107595575584 3696725370613513 7338294854863365 8648111315883136 9079992435544452 4021419992591361 33853482898047280 6581910312278695 13310538279308556 8600321684699732 24645227943262028 26342898641653040 22090026044214344 25461318450331532 23520348606197832 19565420051839268 30883856321468788 27220151981197564 2392503412115367 16098813391891736 32732374383001204 24153764367842836 5675929409216181 15282425520648740 4768611661035006 18137649216390340 18304317252009320 11530243048809140 17284636774426544 4767515093871997 9892389319909456 21185471517672024 9300020505376012 18428194080639844 118765206917648 12869128969658336 7865150688976254 4609934985029202 7584706497347203 15676976567715540 3625648615176492 29247050508721280 16945802625330770 31993264372346904 35501018395336980 4229741631005665 22262569222249488 35700282089511684 20800155116695384 20810525866934104 29249969338349280 9352310143638936 7104024909578914 4420058426636416 
56
71754334889476928 25808537877803120 21560929507441088 26097460772791808 35946792579389444 59221203435398400 36850952303280008 42675623038363200 4466419748382821 22725614413925576 26205398468844264 17936941531526996 25654616904248408 6059542486981102 44820999745736288 34262805311344204 21234209687378884 43557630928014424 9177239084113288 34277260230005824 58655371344144928 40561950121145960 17770458085097134 31648829976577528 68078664702341344 39131299412088728 61523389637671560 5314054924953143 46220995634614368 39387543433083744 11788351870081012 67119014252977400 67474206330367744 43377785323382640 24087907520215396 34667408502963576 28342447555277408 29085388739925332 9651650250392240 32036531270884944 26754138859810044 46808714572603720 40016870430634936 55634507237609408 58160555552657312 68570054703438464 19565675896439136 62057078051482592 61477738338975120 2594210415073779 38526017979051424 6637802805255455 29732504046599868 58585251517859856 50095663263356480 28637895815479520 
57
141270000266542336 94480824474298096 132209649019003136 111964408707816128 31445786771419776 32668110409464384 132323255195958048 98457541386664736 142477804898456256 95856413990468096 67612130638493696 72275956868265712 120182290011197440 7439857010527991 15226320010618100 88872618098107648 64953679992625552 12228497195707584 76941493084523664 63603023879273408 19546871484368752 43659470668749944 122404379847293920 83960417231931536 83485132292802496 74088414585546896 28268625975283064 110385990115231984 2873588697772681 50545687908611304 126709575520801824 137045483212963536 4764356680441135 34650044140435216 12871503783237586 123193969351364080 133083119107968160 40123729640198688 17027277738362744 857637602078614 91716868311060608 142145235530099200 96291900136927040 47558272959706080 60250240178902096 84521992289170720 5674929632524425 96274602338654880 142993197163774112 91361320034890064 48402067472073472 1454061608153498 135625150671677408 41986288807302448 5514131412682743 14947005485356364 5531749497215951 
58
232029960023771744 256104255452334400 219063025202293568 72926488238514560 62970270483200576 7772389030195780 277758007844199744 36108190253149704 54946886742749776 77993298571081136 104585142602222272 146761269302650080 180856389394924416 282578356094405568 250360191763647744 150158142101552992 172792674664319168 204239582706799744 242463504393573536 107202741642850336 251360143492185952 264361906067042880 8913546639720705 208483530971827616 23440353418894832 34726907492452472 96039456229314784 128918693289999056 201095999697470592 160775741065233088 225339147158325792 279622017256782400 89756665445815248 107427740522120544 229604707009917888 164000271276481088 149086095619525280 181833984791025664 271235286383350624 214516930419244320 279318254959490368 239976936661007968 195319204391182144 60645584927368416 89979377586717504 9249227991804176 273361687171426496 160500519461926016 82292220446109504 8119812762908028 131482001417929232 140403817622300800 112201395588744816 146848058095264768 183605018448848192 242154106999943616 44283139177866832 63270283967461448 
59
398769830739238208 73903396385445184 91054027217635008 43050873189844040 172745984409978208 274232275048813440 536166651151207168 193235437378557472 452771513816664192 274210561187868896 30399096186335392 555394036445696320 456535702958640768 104237296651519488 450363764859645952 430663126008816640 383614900796428288 545127811633937152 270044211607866816 297034058543973440 562549456368077184 308560940660055488 52254686271513544 377381096640187520 540353381650835200 528376170554896576 403824561054886784 103567686640609648 362873627546532736 266978775158230848 388533075658927040 401347930612873472 188129654489372320 245345713069623776 212474820981226048 140771664045743104 46823443597083840 402347962418153536 28942040555257120 41056141890788600 223759655855582976 341535016532012160 140897672185482304 500392955750843456 57744005264389984 96918798554504736 26366245482607724 351929236066604544 565864357625076736 546485136382600832 324917211210455744 473285884485863296 237406197002516544 198314919756868800 518472845323532160 13403861248543400 167518477749824096 394919318583139328 166503584898996544 
60
1071357058699236224 1068683418611646464 22754380698373824 850627092848867456 534841359585756672 423656326113773056 994942604411086720 233387560673352064 871867826779335424 611957435614278016 355289214454767744 263040990368764288 598165456533768832 931681859617081088 625508036072026112 687486728081733120 805334491401207936 998884796557015040 1035484722383366528 172133505508105408 312212062847882880 37839336633295488 976210126749502464 689764255707697408 763093225564639872 687202618231153408 7916295317349891 364669997583642624 846880361863646976 516532374747333824 508977812675073472 351235507677119168 981802014376832000 838568851135228928 630302371824951552 358211092744685504 157417397397319808 774291787391135232 714253966166661120 252808542919894144 223897999117755776 61191643100686672 418696405778249536 602445291956287488 516587030160979776 398290949235582464 670081095469293824 142783029219043392 950461104240800128 410027362226064960 704932314651000576 271587604141963232 163127035925234560 505406458868362944 1052943223948719744 22138596091948140 157614731908319488 105854049341737120 27923239851664756 19501380943737676 
61
2181590957524421888 651602569485857024 1692644745042399488 1993934545211579392 2225273630814809856 981630305060643840 1817960037313691136 1100248661255223552 2295819850042226688 462328112154399808 997483062971468416 2051515389621138944 400844795061054400 1152774796008741376 997689829586545280 62069805421654832 220773078837672640 1476325467317725184 436176319655704960 520898127154166016 643858340992723200 1903426507419195136 1862426837840462848 1715731893845253888 1245129869793729536 1708211362055894016 1912040069379893248 2209850329202926336 283528947650061504 785340723214482304 505989927800275904 385092670289264384 1630836045078886400 2064720151025620736 1959220222709487616 133970852912088352 1275024477225972736 1626578219993111296 478665429378730880 62724155510974264 29951559690437992 1391199697100290560 2140987732181620224 486885011388899456 385942371033889024 1338361877147822592 108699622699118016 817450599821788928 1279048799785067520 906480998004827776 953081703374955904 1397403999350483968 1001686688869383552 1431024653794159104 1961770124099907584 1383569336879346944 1656715657242834432 1578699022287053824 1951778703437365248 1465503890805911040 1146489598074030464 
62
1898983781906441216 814252350398853504 4183209495387107328 799730407593277568 3857867681670082048 1136502403640592640 1275295786394134272 3027531388886415360 4158268939791114240 3644455063484075008 4012536787290541056 2582410771787298304 98271878857418880 3362808749645453824 1774036892117283840 3396663058141304320 1476781555153774336 3954788253494497280 2932270698208614912 1902759560001815040 1361219206865023488 1927873386933564672 4418742552632165376 2988060721299398656 2763449961810182144 3982795793967527424 3662329712309526016 428051251650149696 1305831910290409472 1502144171710901248 696746043055822080 2079874438570063360 3673260077947052544 4327013937318383104 2887681959604707328 2071549934814668800 4276781156198393856 737891926589467648 1706984340904353024 4396341416645509120 2864921427970740736 3670267729566401024 3836136121725470208 958496362874445824 198164486745205376 78469751498233792 2144745590243230976 351109978000280320 3393684613169461248 3091971409061867520 2116883322735516928 3874096492566377472 1540693407499115264 1861682545224033536 1747074574479726592 1813494114419109888 4088544778097040896 2306708810585779712 584849796968457216 2731231683141231104 2448910206856022016 1948659609019789312 
63
4244465942506071040 1215441778980455168 6990505220913281024 2223071657920560384 3173797462620314112 6843022506033869824 8410394999919384576 8674080988027322368 8352741482952803328 3583843398646789120 7372599592459781120 6278387391370944512 5336187542113199104 3632231079278795776 6712728038024753152 2878289864370894848 6524765929561715712 5712361881798221824 3989282492120094720 3862835410600305152 2666401632641813504 5473133651276893184 6097801993277984768 3699680320638696960 1417528126850073600 3085616873545250304 5938062742080516096 7766316426249273344 1435850882519382016 6808353694120839168 7081411981692652544 8214116592949839872 2196183942061870080 1256175765530935808 4228151189732751360 182173363122680064 8354378855066782720 8668499419224645632 3256779486440371200 3264031426709971968 5239242036678524928 5625261951337001984 7092432029716637696 5652440317596043264 7740986521472245760 7721218142834512896 6974992011601804288 8399806156576233472 8952097281470404608 2625774830142226944 2839930434411237888 2730681828348097536 6261001089717143552 4242176820916579328 2035166009759278592 8662886211857777664 724007321180490496 374992965395266816 1900390129850043392 5035371713817432064 4967892840728062976 4661213471560214528 4076319723336457728 
64
16015460282541717504 8837809852109244416 14247427012807835648 10700646621039069184 822022911388209024 8006691470617628672 9211401016844144640 12317463122485030912 1887619063200076800 432370769368952832 18135287811454099456 8864046516526514176 15076462375814651904 2718654423835776512 6070054222127077376 11840434655971532800 2645243726462851072 15882094167943376896 4900581679380389888 11078511431728027648 18035475872441589760 3557350041318447104 16934438750909149184 1718048419167219968 5303479953579505664 17586567304276129792 991555793424869376 2420391405232878592 3400539257217465856 11644115310417483776 14894367563104993280 8523627514310320128 6747861215235238912 3812343751032961024 13795760071505076224 8495349242457630720 4664348255610374144 9418746794132330496 15065278123535380480 8474879788430963712 3139341027865602560 857656240558922624 15070532406835185664 11222466124986187776 8854227436848822272 5943987379725455360 16809866497212882944 5155303018607648768 4321950519603088384 5634436825897252864 12682187871384846336 6233519075725308928 8143398681239482368 9332371294488590336 4540035306047569920 3326361029088715776 12425941327305785344 6398413462406434816 5317203665332200448 13241527407864320000 3052662984376212480 1861483694442786048 9663305166599118848 5270421457960866816 
65
0 0 15866549222551048192 0 15817621862461020160 0 15266217645943932928 0 0 0 12526926912712570880 0 0 0 0 0 10574266333731031040 0 0 0 2510427095625355264 0 0 0 0 0 14530001814001436672 0 0 0 0 0 0 0 0 0 12884360954933506048 0 7135505518873037824 0 2416112474224162816 0 13222671487628253184 0 16634551532274642944 0 10698862726726746112 0 4641793506958582784 0 8798951181173049344 0 4971509470921604096 0 0 0 0 0 0 0 0 0 18045835196910663680 0 0 0 10683713253527023616 0 9675457718472656896 0 11783032864670523392 0 0 0 0 0 0 0 0 0 5639894789155661824 0 0 0 16934435355625533440 0 0 0 10410790479701921792 0 0 0 0 0 0 0 0 0 8884501410261770240 0 16396129731849496576 0 8856322072834834432 0 0 0 0 0 0 0 10749250537417615360 0 0 0 0 0 3657416812169005056 0 0 0 1079439710463957760 0 0 0 225161984235567808 0 0 0 12353913575675518976 0 
66
0 0 0 2 0 2 76586087712139600 0 6285709711882390528 2 0 2 2790775516207648256 0 6532658012371444736 2 3877300448678598656 0 0 2 0 0 13192334972722679808 2 0 2 15411267906014089216 2 0 2 10084482189255921664 2 0 0 1600104268575330816 2 10237427471969026048 2 7079319186696354816 2 0 2 0 0 2885394828860912640 2 8460775487002380288 0 3584220720512649728 0 0 2 0 0 1288772357432664064 2 0 2 0 2 0 0 2807956517429321216 2 0 0 0 0 10660944560930213888 0 0 0 15117444909572018176 2 9230676402246780928 0 15878327973435822080 2 0 2 5373641395168397312 2 0 0 17218854365682960384 2 0 2 0 2 12598774857457948672 2 9901641194683363328 0 0 0 0 2 14944539906506797056 2 0 2 4553379399484335616 0 0 0 12815923544148574208 2 6716965319954461696 2 7004715448810911744 0 0 2 0 2 13279626849945010176 0 0 2 0 0 0 2 0 2 6855459910011107328 2 8869164964950136832 2 0 0 
67
15452275668834291712 0 5155497116768299008 4 0 4 14080625054804578304 4 4921727904768362496 2 16777423783057358848 0 0 6 0 4 0 0 0 0 0 6 0 4 713090716248458240 0 0 4 7656485703662704640 4 12943542156384993280 2 16389882055213228032 0 15510074396595761152 6 0 4 0 0 9596117981870592000 6 0 0 4162752178880646144 6 7809752623058251776 2 9622457089574907904 0 5705997493096283136 6 0 2 0 0 10503119421584250880 4 0 2 0 6 0 2 16854890152087824384 0 270145976398574400 6 0 2 0 2 12277520695991343104 6 0 4 0 6 0 6 6091437944903100416 0 0 4 18445788257982957568 0 0 6 0 0 0 2 0 4 0 0 4601037672103310336 2 7357063980944326656 0 0 4 8937196818379180032 2 10503489643990427648 6 9368866678478968832 0 0 2 0 4 8363479914794949632 4 0 4 0 0 4794394155013664768 2 7430232419324569600 2 1661728006771426048 6 11082971008046163968 4 0 2 9711162591999176704 4 13283693513726394368 4 0 2 
68
11085050636825298944 6 5031813891475287040 4 12430015766041636864 12 0 12 0 4 0 12 10703314840270231552 2 3612671519610356736 0 3186007132757381120 12 1059593958297933056 6 0 6 12429986233410785280 8 5111377539106131968 6 1309758019583639552 4 10145997771569633280 0 16972164649183686656 6 0 6 8793495432461617152 12 0 2 0 12 0 14 958236913218292352 0 328219669762825088 10 150781308205729184 10 0 2 9466448788881438720 2 9508097253290084352 4 0 12 584680359788325632 10 0 8 0 6 1371709635959676928 8 0 6 16893311960896634880 10 735313458741922304 6 0 8 0 8 0 6 0 6 0 4 0 8 0 10 0 10 3806296882122686 10 0 0 10849454112535785472 6 0 2 4862489260606243840 10 6675740076868498432 2 0 2 8116362169741767680 2 0 2 3350950282485302272 14 0 14 0 8 0 10 0 0 0 0 0 8 0 0 14018989005385179136 0 0 12 13326018436872704000 2 0 10 12676040829909663744 10 0 0 2319389977292290048 8 0 4 
69
0 24 0 24 16750114542445129728 2 6060573768265410560 14 2102282469837366272 28 16324140605953134592 24 14761310269890508800 22 0 28 4058896261557293056 10 9846079700969443328 14 2082049771865614848 24 0 30 13421975950823317504 10 8353669262310267904 12 15997191439292055552 28 4300814231597881344 22 0 14 0 8 7872588503473965056 2 0 2 0 26 0 8 0 16 0 22 0 10 0 6 15278272258141712384 10 3033435709466153984 8 18172215849231216640 2 0 0 13967531900779939840 8 11178003434804649984 18 0 12 0 14 17291278962942685184 30 1040747563496467456 24 15120087411705595904 10 3870970713047969280 12 1788244315027858176 30 0 2 390419193789263488 4 16968790424620271616 4 16060409494091761664 18 10414615136311216128 28 11873107638541252608 8 0 28 17836139345792950272 24 2508030585303305216 20 0 22 1742019516444090368 8 6839827186351519744 2 0 14 0 12 0 20 12192853185913438208 24 9522013647303387136 18 15445204550583427072 2 8157679254989631488 24 14520824755515052032 16 0 12 0 24 0 24 0 26 0 10 17886363142695094272 20 13946808940749496320 4 0 10 18039863745537343488 20 0 8 
70
0 34 0 18 0 22 0 60 12250620328994699264 12 0 48 11676380592970045440 20 5228170481424167936 54 4223251853330781696 52 0 46 11251339935341858816 24 0 0 8104933786629828608 4 12599921163048441856 2 0 44 6392229531553642496 56 0 24 0 56 7252361647724998656 34 0 10 0 46 0 50 3260676844415755264 28 13768459325910700032 12 11974731763009169408 22 7793228433386668032 2 16847479999479582720 24 0 52 3550760686842714112 30 2181953128652270080 54 13280739431949875200 48 10097026525861332992 14 18122302109569798144 12 1589425303189339648 2 0 2 0 16 0 14 0 10 0 54 16911659897465724928 28 0 16 9185206976707091456 8 8498003368587315200 4 0 62 15561877426591301632 48 4989176965810562048 32 0 56 16946576159484131328 18 0 22 4649005470156272640 48 0 50 12868445634051667968 48 4830519573592930304 44 2938035313036860928 20 8187851425128134656 12 9831109067630553088 10 600384377757827584 42 0 36 0 2 0 38 4776443916566254592 58 0 38 1753790234169217536 32 760220575028292736 44 3316137497691113984 56 4433099451610702336 20 12281611753721188352 50 0 48 0 14 0 12 
71
0 22 9513847655969826816 118 0 90 4320877998600394752 122 9117953577295745024 52 6813707179213211648 104 11040854960126222336 46 0 76 2680854542784116224 108 0 56 0 70 0 90 0 118 0 74 8301958676043932672 78 0 100 0 32 1532315298327716864 18 9847596354345369600 14 0 32 8202450936185897984 42 0 118 0 118 15857068787742535680 82 8903187854371942400 54 0 56 17920191338283343872 120 0 16 6421069711094257664 112 4360827924482881536 72 0 68 6310752873415020544 100 14297706945215643648 4 0 44 0 40 0 4 1050855674355193600 112 11258095654053871616 108 0 104 8018379109805529088 112 6400337295657500672 46 0 22 0 106 11082257427027582976 44 0 122 0 92 0 120 953992505632699904 68 11602632594334588928 104 0 100 9499143790850000896 48 0 28 0 16 0 4 0 64 0 2 0 70 0 32 11617863143860180992 58 5836820905192165376 40 704825878518068864 34 0 26 0 18 0 30 16427572669415276544 20 17690164625111678976 4 0 2 12396577326993010688 96 0 64 2163801459659478016 72 91185733215255984 56 
72
0 8 0 24 15208577727506259968 100 15773627293479411712 226 9969544663835527168 250 2268430119316901888 136 1865725574103009536 208 0 6 0 174 0 206 4164082057289860096 170 0 66 0 128 17958865350071222272 42 14122751678524030976 66 0 158 16240462659596494848 108 0 88 11469797459189927936 138 5090566354716803072 238 8503206807524438016 142 18432447914528589824 134 0 132 0 206 0 226 14666556682138025984 18 0 82 0 130 265192902442930944 58 0 86 13065786357854205952 244 16068661996346288128 126 6998335172718648320 126 14518529128901208064 160 0 184 0 164 0 232 0 10 13584038519495649280 120 10587794557505863680 190 12685952862509488128 100 0 114 0 80 0 70 0 80 0 146 0 132 18132663167351074816 92 0 216 0 168 7411176709844518912 34 0 24 0 192 0 250 14664983308591685632 64 0 58 14299377587093762048 236 0 136 14668039736103141376 208 9534569314735368192 140 0 244 1341663058160860416 10 0 126 0 10 15184869365540626432 220 16187109834871336960 80 0 8 0 244 0 202 5883394223025759232 136 0 154 0 120 
73
9514089407524210688 332 11845680023609032704 370 0 428 0 152 0 158 0 146 0 222 0 96 0 84 6337073528669241344 192 0 154 7561551721533563904 180 7935346986699555840 10 8958072122520111104 28 0 472 7254582993682781184 424 15606675853625823232 166 0 36 0 364 10825466257744183296 148 0 366 2315513172729411072 256 0 376 0 234 17822158496229111808 182 0 364 17023560478995640320 304 5338297416356572160 312 16222370472931002368 220 13614888945843970048 106 1716969713833315584 42 17304294951170658304 102 0 296 0 8 0 392 14548754576716111872 496 0 420 0 316 0 102 0 218 5280233945735571456 138 3927684985921089024 190 0 286 13263142543131609088 238 4188772909117121024 22 0 452 0 204 12221703615740250112 140 0 248 15507373108643954688 290 0 268 0 502 0 282 0 180 0 142 3409724986881445888 310 2919358520247059968 254 0 370 5248420724259878912 204 10933822254794242048 98 12108911394331371520 50 0 256 2618285931162484224 36 1881317703002293248 152 2485253581445678592 16 2006951497225540608 116 5038681842578827264 298 9607813698292086784 420 0 258 6605384797300164608 14 1083512396562318336 386 9613473935140704256 72 2494471088263970816 92 
74
0 386 0 972 11610162060857341952 186 15603989149350617088 748 0 762 0 906 11960722051750510592 468 0 256 18262089156488286208 46 5137647558803092480 596 16422866116568326144 598 6264401018717032448 430 13704166216345210880 776 6947133578625730560 80 0 248 0 992 0 624 13919003894130774016 182 0 966 0 362 0 30 0 894 17025786338059438080 50 0 186 5928217705420435456 230 16509397694521298944 994 0 454 0 838 294396218007585408 662 0 842 15220603478520717312 786 0 746 11515883553654294528 220 3679124049622967296 146 12450330721931354112 164 7566008686379970560 268 0 834 17961292170454935552 828 2768489595973796352 542 13429633271763591168 854 0 710 0 636 0 220 0 586 9192662877895614464 998 0 952 6128482301901066240 396 0 42 0 262 0 762 14250060518415785984 670 0 464 0 994 9444519391425937408 760 15966812079424040960 282 9963391867631538176 188 0 192 14459857547428175872 156 12127159521993596928 842 0 592 0 442 10671441967505061888 288 0 384 4031990115409499136 734 6420918179899228160 866 0 436 9405020072742096896 802 10873640487768053760 816 11163903284055599104 42 0 94 0 544 15257761263045232640 2 0 526 0 332 
75
2938795435003291648 1464 16168899623653566464 168 8360608954471710720 1090 1719259092674770688 910 14787380940783138816 1144 13602437172522649600 1632 326494730872162112 1756 1744854278242556672 1098 0 1236 0 600 14524599437979529216 388 0 440 0 80 14295713068744873984 680 6515186411700061184 790 0 556 0 898 10941588038069336064 468 0 622 12188302989062248448 1198 0 320 0 1154 0 1868 0 2020 16012112074600491008 1176 745712873562592000 664 0 1136 17703482786966118400 236 0 396 16502691229696921600 1928 0 1438 6065634737084256256 1722 0 744 5762500052651387904 1344 0 756 0 1984 0 586 0 522 10827008742469117952 908 16847531905586317312 700 0 1434 0 1796 1280817305942214400 1464 0 1918 0 400 7882670085058398208 1554 18194733796438540288 1884 0 1862 0 1516 6970594431347281920 1368 0 588 13575839008715890688 406 0 1114 2314603980642677760 186 0 582 0 436 0 1210 0 1740 7551947696385472512 688 0 1358 3155975889833082880 940 1512903420469057536 1146 1137012154077375744 1630 638598451197554176 1636 852758392177269504 1620 7600010398035427328 1428 0 1562 8878650892082785280 1604 0 358 13087755759843584000 272 0 1560 1704917908371221760 1026 1768752789486521344 1586 0 1356 0 974 
76
13451983956265512960 736 0 2162 0 2672 13613052915803783168 182 8177041458930871296 3230 9346038905680037888 1638 9435306175833407488 2766 9310396337793280000 3278 16844933072342933504 1994 0 244 17051381908946651136 1592 0 2778 0 2414 11790772528567736320 1196 0 3066 0 2926 0 410 3076427676268191744 2016 0 3216 12164396749731170304 2624 4224475909012612096 1794 15500696461650948096 1616 885843446105200256 868 14678721152125825024 3170 14997812698113343488 3016 4029842479535377408 1586 11279808037666902016 1268 5928165420068577280 3810 0 2550 2506845962769336832 1020 16525313662439196672 2500 4553911949458199552 472 0 774 0 1364 0 2474 4576833174761603584 1172 0 252 14999122037692147712 1382 0 1408 15603797384667516928 3940 0 3866 0 3966 0 2740 0 36 18384152110449651712 2318 0 3240 0 1924 6309597657705383936 1170 0 3084 12070822330448760832 3482 2833376852543064576 2598 0 3984 0 3734 0 2544 0 2856 0 3440 8698313499365128192 608 0 724 0 1060 0 1250 0 1818 14109244493733537792 2156 4107803892469831680 2142 2660280350620086272 24 2231937510060448256 3302 0 1680 0 3208 17312737556235943936 1668 15184597642427846656 4034 0 2816 0 1424 0 2654 1218878904808493312 112 1395068604683832576 186 0 2142 0 1204 
77
14145047778405289984 5092 0 6726 4913855445807812608 844 0 2032 9889619309947795456 4008 0 762 6952191727269282816 7578 0 5180 0 970 1934888558778196480 5546 304248982956656640 6758 0 6204 3562034182457352192 7430 0 4428 0 1904 0 6862 3145691371248213504 5482 0 5022 0 6688 0 8188 560261036631845760 314 7279359157509208064 6846 0 7064 0 4750 13380039905384478720 4916 15731584552011233280 7128 0 8100 8549940183313733632 1272 12932152839950368768 2792 0 358 14476465112667265024 326 0 5062 0 1852 7917110827720053760 4336 0 2820 0 6370 14001095923933515776 5146 13255710539794292736 3860 0 1948 2442069736727605248 8044 0 2562 0 7858 0 5154 1149617366350384640 7502 0 1754 3337116449418458624 3090 0 5538 6059721599543269376 7512 0 4318 10403423491751884800 414 11295449486436986880 5256 0 7070 15501841143293175808 7950 6528895565509131264 2998 10488650102121625600 112 0 6000 0 7674 0 3316 0 6524 0 2772 3206493823220470272 1584 1155210578728398848 7160 0 3352 0 4298 14954580028649564160 978 0 772 1025423123650624640 2954 16510082782831816704 6196 0 4552 4026295630711050240 7112 0 4784 0 6260 0 6710 0 5478 6022718912943707136 512 8014344292504738816 428 11933921750702604288 1016 
78
11019874990946959360 13276 0 12806 0 15480 0 4172 6016793551186611200 14084 3136596306405859840 7334 0 9334 0 6682 2291329373847303680 15968 0 9258 250085181386630112 4544 0 11336 4840144909606364160 696 7664048878484054016 5176 0 5630 3468535568448568832 5888 0 4564 7647235962702450688 8014 0 8076 3464580779826661888 504 7877213895946554368 4674 17053577637401628672 15434 4093122547026192384 948 11945425492752998400 4986 0 11928 15769505632181501952 10388 12427798061707376640 6386 367070229893099840 12266 17320109120855730176 3964 0 3688 0 12198 0 7834 16942812487616966656 16042 0 7192 2970705632096296448 9824 0 9724 16171910218187186176 7654 8999192686707709952 7500 0 3788 3431622348861320192 16268 0 1708 3505174571871483904 9940 0 4186 0 3072 0 12184 8959355499111708672 12388 556201158905316864 6968 0 3662 3681271214419220480 7812 14492919725046208512 14380 3612347428764462080 16322 0 6698 0 10568 0 2558 0 8026 0 7662 15862615287994275840 5242 0 196 0 14822 8357169831655728128 16360 0 11644 0 9226 4542493183450512384 13132 0 10376 13184460854055489536 2296 2732704285890593792 5332 6243013795393257472 12162 0 7248 0 8682 0 7824 0 13338 0 11830 6698067298500985856 11284 5210053191191138304 14500 4162904954272934912 494 0 5036 5606810783288125440 10858 18164761729477644288 5076 
79
0 26744 0 32670 6219553194158743552 21506 0 7092 0 31118 0 13620 0 12236 15927076251345354752 30022 6101398731661024256 2040 0 4856 13955017599362486272 5776 0 26470 14315310346105610240 21038 0 28868 0 7142 0 14234 7432860220277544960 31058 0 9974 1919973399379683584 1176 0 14876 12326607425993338880 14106 13907343067264223232 11620 0 602 0 29720 16949054104853434368 26246 0 25330 1008399601010728576 27006 0 6098 16488847749135491072 2664 376102254622939584 26734 0 15930 0 32172 18328622148148123648 13860 0 12240 0 29686 0 27332 0 2520 9477984386828685312 31726 12344717872607105024 14482 0 19928 0 22384 16167246852203468800 10924 0 16418 0 32706 10042292573030969344 29794 0 20320 14247441519009695744 19828 0 15112 3005831427746202112 10514 17520445762659147776 1126 2034430304966224128 9206 13588727574783090688 25910 0 14074 6739580778629691392 13930 3350883040284551680 17044 0 590 482999974275821184 24788 0 16580 14554764933570088960 16912 14334317513702019072 11154 0 16440 0 32200 12552173258820646912 4324 0 16560 12866975032916240384 16208 630253690545232000 8680 4885915409555552256 28424 3508447806255567872 2246 0 22432 15005562013372014592 32594 0 19626 16957190585327216640 602 0 24630 0 31924 0 21108 0 4716 0 11824 0 4902 13206944087762089984 1908 
80
3157138153256741888 60134 0 48514 2061183417159181824 32618 14954486807456706560 5148 0 16 11577033553866121216 54640 0 21172 12865159900760956928 44648 3101393784706659328 32870 6074227667048456192 32422 0 44230 3389044512559198208 12128 0 49500 2514713491223777280 54828 0 54324 0 29282 3031795070263762944 12674 0 12272 11827591018044909568 24648 10370883582085812224 41586 0 36620 0 44132 13677053437538285568 20658 10649517528514150400 14188 12239550661918513152 10660 0 8228 0 17408 0 22392 0 9734 11698163988779620352 14174 4575278383893719040 61500 17252859658317590528 23544 3024031887946374144 7510 0 50744 5728021832413814784 49324 11039970593515499520 32022 0 21448 0 4220 0 25396 12447678198984597504 39550 0 47562 17249455532841695232 49488 0 44602 0 37516 0 1420 0 15276 17703669963112861696 64218 9902321881291819008 45004 0 22254 9713433121624504320 33438 9904445547239766016 39454 13858566184711491584 49452 0 10726 6937210139014094848 53362 0 12856 0 15968 1735257281938509312 4492 0 33792 0 38752 8580640135760677888 49912 12326744818991529984 49848 6661240090926753792 1270 3330779258432815616 45258 1625495771361841152 61922 491241394702308416 29446 0 34900 0 31034 6435641354563629056 21092 4064013692776894464 15750 13616955522013655040 45836 17055628431635423232 50826 17947962806464874496 29264 0 57396 0 9448 2774661621420813824 43600 41910675293998728 33814 0 188 0 34740 0 33228 16009961900858701824 28002 
