# X Y
3 48
4 132
5 262
6 448
7 700
8 1028
9 1442
10 1952
11 2568
12 3300
13 4158
14 5152
15 6292
16 7588
17 9050
18 10688
19 12512
20 14532
21 16758
22 19200
23 21868
24 24772
25 27922
26 31328
27 35000
28 38948
29 43182
30 47712
31 52548
32 57700
33 63178
34 68992
35 75152
36 81668
37 88550
38 95808
39 103452
40 111492
41 119938
42 128800
43 138088
44 147812
45 157982
46 168608
47 179700
48 191268
49 203322
50 215872
51 228928
52 242500
53 256598
54 271232
55 286412
56 302148
57 318450
58 335328
59 352792
60 370852
61 389518
62 408800
63 428708
64 449252
65 470507
66 492419
67 514998
68 538254
69 562197
70 586837
71 612184
72 638248
73 665039
74 692567
75 720842
76 749874
77 779673
78 810249
79 841612
80 873772
